18 143
27 179
17 128
21 126
29 193
23 165
18 156
17 134
26 191
19 143
32 240
34 262
22 144
8 52
24 165
18 153
31 210
22 155
27 227
21 171
25 161
23 142
25 186
16 89
26 170
22 150
28 193
17 114
17 108
31 211
26 171
29 213
25 194
26 144
25 161
18 97
30 222
22 148
31 250
23 173
31 240
24 152
29 202
13 77
24 141
26 162
20 137
17 97
32 237
22 146
34 276
14 97
27 172
27 200
19 119
29 206
19 155
25 180
19 135
20 154
23 184
20 130
34 222
26 206
17 127
22 172
15 124
15 102
16 119
23 164
19 152
23 183
31 249
21 151
30 246
21 147
28 211
23 155
23 193
13 68
16 123
17 136
24 169
18 128
18 126
26 167
24 171
11 90
27 192
21 172
18 104
26 198
11 69
17 125
9 62
11 60
17 150
24 178
27 165
25 170
9 69
23 172
27 184
21 153
31 252
17 130
19 119
24 165
10 66
23 196
18 135
23 178
29 197
16 118
21 158
28 239
24 168
16 106
16 116
18 139
23 200
15 112
29 215
29 240
23 174
28 219
30 236
21 113
23 180
26 219
17 103
26 173
29 217
29 179
27 209
26 170
25 178
29 242
12 72
19 159
22 181
22 169
11 67
28 236
23 190
21 158
17 99
25 177
20 144
19 118
17 125
29 203
21 154
36 282
20 133
21 160
18 140
19 128
25 165
21 146
31 218
22 173
22 184
19 152
10 68
15 107
25 198
20 132
21 154
27 176
21 155
32 237
12 82
32 219
19 115
21 134
27 192
24 187
16 121
26 187
26 172
29 219
29 220
16 119
28 194
22 136
27 189
24 191
23 157
24 145
18 134
12 87
25 214
15 83
12 68
23 217
20 126
30 209
35 240
20 140
17 144
22 153
24 193
29 226
22 149
16 97
32 227
12 77
18 123
20 159
29 191
24 167
15 88
16 98
21 131
19 138
28 205
18 117
15 107
21 157
21 134
31 260
17 97
26 182
30 243
17 108
24 200
22 175
26 193
6 36
20 168
28 226
26 157
21 131
26 189
29 187
22 169
18 162
23 146
32 248
19 108
30 228
10 69
21 131
18 124
35 286
23 167
23 160
14 110
27 193
21 145
20 156
17 118
22 172
22 176
29 204
23 149
20 139
20 132
28 172
22 177
18 123
16 105
28 225
23 200
20 144
29 191
15 72
18 128
24 180
32 240
20 168
26 183
24 173
29 216
23 185
23 156
20 161
27 171
34 253
23 133
18 145
25 165
25 207
23 151
18 114
24 172
20 141
23 137
26 208
18 146
20 135
23 173
26 167
27 234
25 159
30 220
17 137
18 132
24 201
27 199
30 242
28 209
13 89
17 111
15 94
12 66
16 106
24 165
20 162
29 215
23 164
26 201
20 136
23 177
27 213
30 248
27 185
34 227
18 118
23 147
32 230
28 218
19 113
19 158
22 135
29 246
27 206
24 166
37 273
20 151
36 265
19 125
28 197
24 167
27 219
27 163
22 155
28 173
22 162
32 274
26 175
16 82
22 136
33 258
14 87
22 169
30 219
25 207
18 141
12 87
29 235
32 261
20 127
24 181
25 180
13 69
16 105
20 137
17 110
25 191
25 166
24 199
22 163
24 168
29 198
21 160
19 113
20 147
14 96
18 134
34 275
28 180
21 149
20 150
22 147
16 110
15 103
31 247
22 148
23 153
15 114
31 220
27 206
24 200
22 158
21 141
26 196
27 182
16 126
21 147
19 141
23 171
28 180
24 198
16 107
21 160
34 263
26 172
14 83
21 164
28 208
28 181
25 174
15 94
18 138
14 108
22 156
24 187
21 138
20 145
28 194
17 110
15 113
31 230
23 168
24 184
19 114
20 112
17 129
21 133
19 121
26 180
19 143
27 216
12 81
21 147
11 76
20 123
33 231
23 171
23 151
22 203
26 184
29 195
18 116
23 161
32 237
20 118
27 191
21 165
27 186
18 136
22 154
22 155
20 154
28 216
16 112
13 102
22 164
32 223
21 167
16 119
28 187
19 156
19 154
20 141
26 176
22 153
28 210
30 235
16 120
18 125
15 96
24 176
21 150
32 236
22 163
22 168
20 133
26 196
19 139
14 99
24 159
16 91
21 126
24 187
26 174
21 147
21 133
25 196
28 199
24 201
18 124
25 187
18 143
23 143
23 168
29 232
20 163
16 102
26 180
20 148
35 309
23 159
28 191
27 249
20 142
15 99
25 167
21 161
19 137
28 191
17 120
26 164
20 154
25 182
21 129
12 77
23 192
23 153
20 126
22 179
21 123
30 226
21 165
21 134
12 68
21 174
18 130
19 165
13 94
31 266
24 140
29 194
29 243
22 141
22 144
34 243
23 175
23 191
28 233
14 107
22 156
34 221
26 172
25 186
16 136
32 243
16 122
19 118
32 216
16 97
20 134
22 159
27 183
28 216
25 164
28 185
27 215
27 207
20 110
20 155
19 96
36 245
19 148
18 137
19 151
29 204
24 151
21 145
22 151
35 264
28 192
27 204
15 103
42 301
30 237
22 130
30 225
25 166
25 149
19 137
21 162
21 148
23 151
26 196
18 134
23 190
22 120
28 195
24 203
38 300
37 255
11 65
22 146
27 190
18 127
15 110
28 178
23 183
27 197
24 156
31 246
29 237
16 138
25 181
25 185
34 213
27 175
17 90
17 124
21 154
19 129
15 83
28 208
15 97
17 93
30 220
28 238
27 201
22 189
25 194
28 230
21 146
17 129
12 73
16 132
14 96
22 147
22 164
31 227
26 203
20 118
14 91
20 137
25 161
23 162
29 203
20 131
21 147
19 136
15 123
33 261
16 113
29 231
22 202
28 211
26 165
31 217
14 107
20 140
22 140
27 229
12 85
26 185
28 194
21 160
19 148
17 144
22 122
26 167
33 260
19 157
31 222
18 129
12 84
17 133
28 189
7 35
19 141
23 197
18 116
29 202
25 162
14 103
31 210
10 72
17 122
31 233
23 173
38 317
41 291
14 95
27 228
25 173
25 165
23 148
17 102
22 177
19 107
14 101
19 131
19 131
27 224
18 113
25 161
21 146
27 207
25 188
42 270
16 87
28 192
28 209
14 111
18 133
27 220
32 242
22 177
28 194
32 191
29 203
36 286
18 129
25 190
15 119
28 199
20 149
23 157
15 107
13 86
26 177
36 270
25 181
37 284
20 147
31 234
18 133
27 184
21 141
21 144
32 200
24 184
26 194
20 128
27 201
18 138
29 225
25 168
25 186
37 336
25 220
25 186
12 72
24 149
21 154
25 171
20 133
15 98
25 205
24 189
20 154
29 255
29 218
26 190
25 196
15 106
26 175
20 151
26 189
20 166
19 140
29 192
25 169
27 194
17 113
23 155
31 189
21 167
20 130
29 231
26 147
15 110
33 223
32 218
20 162
34 256
18 139
31 212
28 181
13 96
17 145
30 225
19 144
15 122
26 193
23 151
32 242
28 211
24 166
13 60
16 93
19 136
13 98
27 183
28 204
29 214
20 123
22 146
29 196
21 154
20 144
20 142
20 130
22 192
20 140
30 244
21 141
29 225
13 88
29 220
31 226
32 217
25 172
14 111
29 221
22 173
31 236
15 98
25 174
21 161
28 236
15 143
13 99
10 78
26 170
29 197
23 147
28 175
21 138
23 148
17 116
30 236
24 177
21 134
32 214
29 209
18 142
14 109
19 121
21 167
16 108
13 88
12 78
27 189
12 71
21 160
17 124
28 220
34 293
20 138
26 185
20 122
32 219
25 189
29 196
14 83
17 100
23 158
26 176
28 212
24 172
24 170
17 102
34 312
23 170
10 81
21 162
28 187
17 117
29 201
24 153
20 146
25 169
21 156
21 167
26 180
32 242
32 251
26 189
26 184
24 190
35 274
26 166
27 195
34 234
28 238
27 171
27 205
23 164
22 160
28 224
29 220
25 188
31 270
22 143
28 194
22 136
8 44
29 203
30 247
35 273
20 151
19 120
19 133
21 150
28 259
19 123
32 233
22 161
24 191
22 168
22 164
15 86
26 193
9 54
21 138
23 155
20 156
13 90
29 246
23 169
18 145
25 171
9 63
27 173
38 294
24 155
13 88
17 139
21 147
16 128
20 153
24 186
21 136
33 247
19 133
21 156
25 170
23 145
31 218
16 114
21 142
29 163
17 132
19 135
27 197
24 157
27 164
30 216
16 108
23 171
21 168
20 128
25 185
24 173
33 250
22 139
29 196
18 125
16 98
18 119
15 104
27 183
31 199
14 92
22 135
14 111
23 155
22 176
24 166
34 259
19 140
20 112
19 145
27 200
31 207
16 122
25 199
18 128
20 143
14 106
29 236
13 83
22 134
35 246
31 230
23 182
24 163
28 233
19 152
28 215
18 120
27 194
16 98
18 124
23 135
19 136
26 204
20 119
18 130
15 132
24 199
23 182
18 142
27 187
24 160
19 132
25 197
27 191
